296 amostras:
100% - 390 safe ---> epsilon = [0, 0.02189]
99.74% (99.9%) - 389 safe ---> epsilon = [0.02190, 0.056]---> unsafe props: idx 271
95.38461538461539% (95%) - 372 safe ---> epsilon = 0.056 ---> unsafe props: [11, 14, 50, 85, 103, 118, 175, 186, 231, 240, 271, 306, 316, 329, 348, 358, 367, 380]
80.25641025641026% (80%) - 313 safe ---> epsilon = 0.0780 ---> unsafe props: [11, 12, 14, 17, 19, 22, 32, 37, 44, 49, 50, 63, 66, 71, 74, 76, 77, 83, 85, 102, 103, 105, 107, 108, 111, 114, 118, 123, 128, 134, 139, 143, 147, 148, 151, 152, 160, 163, 170, 174, 175, 176, 186, 196, 200, 203, 223, 226, 231, 232, 239, 240, 254, 270, 271, 277, 292, 303, 306, 316, 317, 319, 329, 332, 337, 348, 355, 358, 366, 367, 368, 373, 374, 380, 381, 385, 389]
77.43589743589745% (75%) - 302 safe ---> epsilon = 0.08 ---> unsafe props: [11, 12, 14, 17, 19, 22, 32, 37, 44, 49, 50, 63, 66, 71, 74, 76, 77, 82, 83, 85, 102, 103, 105, 107, 108, 111, 113, 114, 118, 123, 128, 134, 139, 143, 147, 148, 151, 152, 160, 163, 170, 174, 175, 176, 186, 188, 193, 196, 199, 200, 203, 223, 226, 229, 231, 232, 239, 240, 248, 254, 264, 270, 271, 277, 278, 292, 303, 306, 316, 317, 319, 329, 332, 337, 348, 355, 358, 366, 367, 368, 373, 374, 375, 380, 381, 385, 386, 389]
50% - 195 safe ---> epsilon = 0.098 ---> unsafe props: [1, 11, 12, 14, 15, 17, 18, 19, 22, 23, 26, 27, 31, 32, 33, 37, 41, 44, 49, 50, 52, 55, 56, 57, 58, 59, 62, 63, 66, 67, 70, 71, 74, 76, 77, 82, 83, 85, 86, 87, 88, 91, 93, 97, 99, 102, 103, 105, 107, 108, 111, 113, 114, 117, 118, 119, 121, 122, 123, 127, 128, 129, 133, 134, 135, 139, 142, 143, 144, 145, 147, 148, 150, 151, 152, 158, 159, 160, 162, 163, 164, 167, 170, 171, 173, 174, 175, 176, 177, 180, 181, 182, 186, 187, 188, 190, 192, 193, 196, 199, 200, 203, 207, 221, 222, 223, 224, 226, 227, 228, 229, 231, 232, 235, 236, 237, 239, 240, 241, 242, 243, 244, 248, 250, 253, 254, 258, 259, 260, 264, 268, 269, 270, 271, 272, 273, 277, 278, 281, 284, 285, 287, 289, 291, 292, 300, 301, 302, 303, 304, 306, 308, 310, 311, 312, 314, 316, 317, 319, 322, 329, 330, 332, 334, 335, 337, 338, 339, 342, 347, 348, 349, 353, 355, 357, 358, 359, 362, 366, 367, 368, 370, 373, 374, 375, 377, 378, 379, 380, 381, 382, 385, 386, 388, 389]
21.025641025641026% (20%) - 82 safe epsion = 0.12 unsafe props: [1, 3, 4, 6, 8, 11, 12, 14, 15, 16, 17, 18, 19, 20, 21, 22, 23, 24, 25, 26, 27, 29, 31, 32, 33, 34, 35, 37, 39, 40, 41, 42, 43, 44, 46, 47, 48, 49, 50, 51, 52, 54, 55, 56, 57, 58, 59, 60, 61, 62, 63, 64, 65, 66, 67, 69, 70, 71, 72, 74, 75, 76, 77, 79, 80, 82, 83, 84, 85, 86, 87, 88, 89, 90, 91, 92, 93, 94, 95, 96, 97, 98, 99, 102, 103, 104, 105, 107, 108, 109, 111, 112, 113, 114, 117, 118, 119, 120, 121, 122, 123, 124, 125, 126, 127, 128, 129, 131, 132, 133, 134, 135, 136, 139, 140, 141, 142, 143, 144, 145, 146, 147, 148, 149, 150, 151, 152, 153, 156, 157, 158, 159, 160, 162, 163, 164, 165, 167, 168, 169, 170, 171, 172, 173, 174, 175, 176, 177, 179, 180, 181, 182, 183, 184, 185, 186, 187, 188, 190, 191, 192, 193, 194, 195, 196, 197, 198, 199, 200, 201, 203, 205, 207, 208, 209, 215, 217, 218, 219, 221, 222, 223, 224, 225, 226, 227, 228, 229, 230, 231, 232, 233, 235, 236, 237, 239, 240, 241, 242, 243, 244, 245, 246, 248, 250, 251, 252, 253, 254, 256, 257, 258, 259, 260, 261, 264, 265, 268, 269, 270, 271, 272, 273, 274, 277, 278, 281, 283, 284, 285, 286, 287, 288, 289, 290, 291, 292, 293, 296, 297, 298, 300, 301, 302, 303, 304, 306, 307, 308, 310, 311, 312, 313, 314, 315, 316, 317, 318, 319, 322, 328, 329, 330, 331, 332, 333, 334, 335, 337, 338, 339, 342, 345, 347, 348, 349, 350, 351, 352, 353, 354, 355, 357, 358, 359, 360, 362, 363, 364, 365, 366, 367, 368, 370, 373, 374, 375, 377, 378, 379, 380, 381, 382, 385, 386, 387, 388, 389] 
5.128205128205128% (5%) - 20 safe ---> epsilon = 0.128 ---> unsafe props: [0, 1, 2, 3, 4, 5, 6, 8, 10, 11, 12, 13, 14, 15, 16, 17, 18, 19, 20, 21, 22, 23, 24, 25, 26, 27, 28, 29, 30, 31, 32, 33, 34, 35, 36, 37, 38, 39, 40, 41, 42, 43, 44, 45, 46, 47, 48, 49, 50, 51, 52, 53, 54, 55, 56, 57, 58, 59, 60, 61, 62, 63, 64, 65, 66, 67, 68, 69, 70, 71, 72, 73, 74, 75, 76, 77, 78, 79, 80, 82, 83, 84, 85, 86, 87, 88, 89, 90, 91, 92, 93, 94, 95, 96, 97, 98, 99, 100, 101, 102, 103, 104, 105, 106, 107, 108, 109, 110, 111, 112, 113, 114, 115, 116, 117, 118, 119, 120, 121, 122, 123, 124, 125, 126, 127, 128, 129, 130, 131, 132, 133, 134, 135, 136, 137, 138, 139, 140, 141, 142, 143, 144, 145, 146, 147, 148, 149, 150, 151, 152, 153, 155, 156, 157, 158, 159, 160, 161, 162, 163, 164, 165, 166, 167, 168, 169, 170, 171, 172, 173, 174, 175, 176, 177, 179, 180, 181, 182, 183, 184, 185, 186, 187, 188, 189, 190, 191, 192, 193, 194, 195, 196, 197, 198, 199, 200, 201, 202, 203, 204, 205, 206, 207, 208, 209, 210, 212, 213, 214, 215, 216, 217, 218, 219, 220, 221, 222, 223, 224, 225, 226, 227, 228, 229, 230, 231, 232, 233, 234, 235, 236, 237, 239, 240, 241, 242, 243, 244, 245, 246, 247, 248, 249, 250, 251, 252, 253, 254, 255, 256, 257, 258, 259, 260, 261, 262, 264, 265, 266, 267, 268, 269, 270, 271, 272, 273, 274, 275, 277, 278, 279, 281, 282, 283, 284, 285, 286, 287, 288, 289, 290, 291, 292, 293, 294, 295, 296, 297, 298, 299, 300, 301, 302, 303, 304, 305, 306, 307, 308, 309, 310, 311, 312, 313, 314, 315, 316, 317, 318, 319, 320, 321, 322, 325, 328, 329, 330, 331, 332, 333, 334, 335, 337, 338, 339, 341, 342, 344, 345, 347, 348, 349, 350, 351, 352, 353, 354, 355, 357, 358, 359, 360, 361, 362, 363, 364, 365, 366, 367, 368, 369, 370, 371, 373, 374, 375, 376, 377, 378, 379, 380, 381, 382, 383, 384, 385, 386, 387, 388, 389]
0% - 0 safe ---> epsilon = 0.150

