0 3
1 2
2 3
3 3
4 0
5 1
6 0
7 0
8 3
9 0
10 1
11 3
12 3
13 3
14 3
15 0
16 1
17 0
18 0
19 3
20 0
21 0
22 0
23 1
24 1
25 3
26 1
27 3
28 0
29 0
30 3
31 3
32 1
33 1
34 1
35 0
36 0
37 0
38 1
39 1
40 1
41 1
42 0
43 0
44 1
45 3
46 3
47 3
48 3
49 0
50 3
51 3
52 3
53 0
54 3
55 0
56 3
57 0
58 3
59 0
60 0
61 3
62 3
63 1
64 1
65 0
66 3
67 0
68 3
69 0
70 3
71 1
72 0
73 0
74 0
75 3
76 1
77 3
78 1
79 0
80 3
81 0
82 0
83 0
84 0
85 1
86 1
87 2
88 3
89 0
90 0
91 0
92 1
93 0
94 0
95 3
96 3
97 3
98 3
99 3
100 1
101 3
102 1
103 0
104 3
105 0
106 3
107 0
108 2
109 1
110 0
111 3
112 3
113 0
114 3
115 0
116 0
117 1
118 0
119 1
120 0
121 1
122 3
123 3
124 0
125 3
126 3
127 3
128 0
129 0
130 0
131 3
132 0
133 0
134 1
135 1
136 0
137 0
138 0
139 1
140 3
141 1
142 0
143 0
144 3
145 0
146 3
147 0
148 3
149 3
150 1
151 1
152 1
153 3
154 1
155 0
156 1
157 1
158 1
159 0
160 1
161 3
162 1
163 3
164 3
165 3
166 0
167 0
168 0
169 1
170 0
171 1
172 1
173 0
174 0
175 1
176 0
177 0
178 0
179 0
180 3
181 3
182 0
183 3
184 3
185 0
186 3
187 0
188 3
189 3
190 2
191 3
192 0
193 1
194 1
195 3
196 3
197 0
198 1
199 1
200 1
201 3
202 3
203 0
204 0
205 0
206 3
207 3
208 1
209 1
210 3
211 3
212 0
213 1
214 1
215 0
216 3
217 3
218 3
219 0
220 3
221 3
222 3
223 1
224 3
225 3
226 3
227 3
228 0
229 3
230 3
231 3
232 3
233 3
234 0
235 0
236 0
237 1
238 1
239 3
240 1
241 0
242 1
243 1
244 0
245 0
246 3
247 0
248 1
249 3
250 0
251 3
252 0
253 3
254 1
255 0
256 1
257 3
258 3
259 0
260 0
261 0
262 0
263 0
264 0
265 3
266 3
267 1
268 3
269 0
270 1
271 1
272 3
273 3
274 1
275 1
276 0
277 3
278 3
279 0
280 0
281 0
282 0
283 3
284 0
285 3
286 1
287 1
288 3
289 3
290 1
291 3
292 2
293 3
294 3
295 3
296 3
297 0
298 3
299 3
300 0
301 1
302 1
303 3
304 0
305 0
306 1
307 3
308 3
309 0
310 1
311 3
312 3
313 3
314 3
315 0
316 0
317 0
318 0
319 0
320 1
321 0
322 1
323 2
324 1
325 1
326 3
327 0
328 0
329 0
330 0
331 1
332 1
333 3
334 1
335 1
336 1
337 0
338 3
339 1
340 0
341 0
342 3
343 0
344 0
345 0
346 3
347 1
348 3
349 3
350 1
351 3
352 0
353 3
354 0
355 0
356 2
357 0
358 1
359 2
360 0
361 3
362 3
363 1
364 0
365 1
366 0
367 1
368 0
369 3
370 0
371 3
372 3
373 0
374 1
375 3
376 0
377 3
378 0
379 3
380 3
381 1
382 0
383 3
384 3
385 3
386 0
387 1
388 3
389 0
390 0
391 3
392 3
393 3
394 0
395 0
396 0
397 0
398 1
399 3
400 0
401 0
402 0
403 1
404 0
405 1
406 3
407 0
408 3
409 3
410 3
411 0
412 0
413 0
414 1
415 3
416 3
417 0
418 0
419 0
420 3
421 3
422 0
423 3
424 1
425 1
426 3
427 1
428 2
429 1
430 0
431 3
432 1
433 0
434 3
435 3
436 0
437 3
438 3
439 3
440 3
441 3
442 1
443 3
444 3
445 3
446 0
447 3
448 3
449 0
450 3
451 3
452 1
453 2
454 0
455 3
456 0
457 1
458 0
459 1
460 1
461 1
462 3
463 3
464 0
465 0
466 3
467 3
468 1
469 0
470 0
471 3
472 1
473 1
474 3
475 0
476 1
477 2
478 0
479 0
480 3
481 0
482 0
483 1
484 1
485 3
486 2
487 0
488 3
489 1
490 1
491 3
492 0
493 3
494 0
495 3
496 1
497 0
498 0
499 3
500 1
501 0
502 3
503 0
504 0
505 1
506 1
507 0
508 3
509 0
510 0
511 0
512 0
513 3
514 3
515 0
516 3
517 1
518 1
519 1
520 0
521 3
522 1
523 0
524 0
525 3
526 0
527 3
528 0
529 0
530 0
531 0
532 3
533 0
534 1
535 0
536 2
537 1
538 1
539 3
540 0
541 0
542 1
543 1
544 2
545 3
546 0
547 0
548 0
549 0
550 0
551 0
552 3
553 0
554 0
555 1
556 3
557 3
558 3
559 0
560 3
561 0
562 1
563 0
564 0
565 1
566 3
567 2
568 0
569 0
570 2
571 0
572 3
573 0
574 3
575 1
576 0
577 3
578 1
579 0
580 1
581 1
582 3
583 1
584 3
585 0
586 3
587 0
588 3
589 1
590 3
591 3
592 3
593 1
594 3
595 2
596 0
597 0
598 1
599 1
600 0
601 0
602 1
603 1
604 0
605 3
606 0
607 1
608 1
609 0
610 0
611 3
612 3
613 0
614 3
615 0
616 3
617 0
618 3
619 3
620 0
621 3
622 1
623 0
624 0
625 1
626 3
627 1
628 0