296 amostras:
100% - 296 safe ---> epsilon = [0, 0.0043]
99.66% (99.9%) - 295 safe ---> epsilon = [0.0044, 0.0046]---> unsafe props: idx 183
94.93% (95%) - 281 safe ---> epsilon = 0.008 ---> unsafe props: [24, 29, 56, 77, 83, 100, 142, 147, 166, 171, 178, 183, 192, 215, 241]
69,93% (70%) - 207 safe ---> epsilon = 0.01221 ---> unsafe props: [0, 5, 15, 20, 22, 23, 24, 28, 29, 35, 38, 39, 41, 42, 43, 46, 48, 51, 52, 54, 56, 74, 77, 78, 81, 83, 100, 102, 105, 107, 108, 109, 110, 119, 120, 122, 124, 131, 135, 136, 137, 139, 142, 143, 147, 148, 152, 161, 162, 164, 165, 166, 168, 171, 173, 174, 176, 177, 178, 180, 181, 183, 184, 187, 188, 192, 195, 198, 199, 207, 209, 215, 218, 226, 231, 233, 235, 241, 243, 246, 249, 252, 257, 263, 266, 267, 269, 290, 292]
50% - 148 safe ---> epsilon = 0.01572 ---> unsafe props: [0, 5, 10, 12, 15, 19, 20, 22, 23, 24, 26, 28, 29, 31, 34, 35, 36, 38, 39, 41, 42, 43, 44, 45, 46, 47, 48, 51, 52, 53, 54, 56, 63, 65, 69, 70, 71, 74, 76, 77, 78, 79, 81, 83, 84, 85, 86, 87, 90, 91, 94, 95, 96, 99, 100, 102, 104, 105, 106, 107, 108, 109, 110, 112, 115, 119, 120, 122, 123, 124, 125, 131, 133, 135, 136, 137, 138, 139, 141, 142, 143, 147, 148, 152, 154, 159, 161, 162, 164, 165, 166, 168, 171, 173, 174, 176, 177, 178, 180, 181, 183, 184, 187, 188, 191, 192, 194, 195, 196, 198, 199, 202, 206, 207, 208, 209, 215, 218, 220, 223, 225, 226, 229, 230, 231, 233, 235, 237, 241, 243, 245, 246, 249, 252, 254, 255, 257, 260, 263, 266, 267, 269, 270, 273, 277, 279, 290, 292]
19.93% (20%) - 59 safe ---> epsilon = 0.01907 ---> unsafe props: [0, 3, 4, 5, 6, 8, 10, 12, 13, 14, 15, 16, 18, 19, 20, 21, 22, 23, 24, 26, 27, 28, 29, 31, 33, 34, 35, 36, 38, 39, 41, 42, 43, 44, 45, 46, 47, 48, 49, 51, 52, 53, 54, 55, 56, 57, 60, 62, 63, 65, 66, 68, 69, 70, 71, 72, 73, 74, 75, 76, 77, 78, 79, 81, 82, 83, 84, 85, 86, 87, 88, 90, 91, 92, 93, 94, 95, 96, 98, 99, 100, 101, 102, 104, 105, 106, 107, 108, 109, 110, 111, 112, 113, 115, 116, 118, 119, 120, 121, 122, 123, 124, 125, 127, 130, 131, 133, 135, 136, 137, 138, 139, 141, 142, 143, 145, 146, 147, 148, 149, 150, 151, 152, 153, 154, 156, 157, 158, 159, 160, 161, 162, 163, 164, 165, 166, 168, 169, 170, 171, 172, 173, 174, 176, 177, 178, 180, 181, 182, 183, 184, 187, 188, 189, 190, 191, 192, 194, 195, 196, 198, 199, 201, 202, 204, 205, 206, 207, 208, 209, 211, 212, 215, 216, 218, 220, 221, 222, 223, 224, 225, 226, 228, 229, 230, 231, 233, 234, 235, 236, 237, 238, 239, 240, 241, 242, 243, 245, 246, 248, 249, 250, 251, 252, 253, 254, 255, 256, 257, 258, 259, 260, 261, 263, 264, 265, 266, 267, 268, 269, 270, 272, 273, 275, 276, 277, 278, 279, 280, 281, 284, 286, 288, 290, 291, 292, 295]
5.07% (5%) - 15 safe ---> epsilon = 0.022 ---> unsafe props: [0, 1, 2, 3, 4, 5, 6, 8, 9, 10, 11, 12, 13, 14, 15, 16, 17, 18, 19, 20, 21, 22, 23, 24, 25, 26, 27, 28, 29, 31, 33, 34, 35, 36, 38, 39, 40, 41, 42, 43, 44, 45, 46, 47, 48, 49, 50, 51, 52, 53, 54, 55, 56, 57, 58, 59, 60, 62, 63, 64, 65, 66, 68, 69, 70, 71, 72, 73, 74, 75, 76, 77, 78, 79, 80, 81, 82, 83, 84, 85, 86, 87, 88, 89, 90, 91, 92, 93, 94, 95, 96, 97, 98, 99, 100, 101, 102, 104, 105, 106, 107, 108, 109, 110, 111, 112, 113, 115, 116, 117, 118, 119, 120, 121, 122, 123, 124, 125, 126, 127, 129, 130, 131, 132, 133, 134, 135, 136, 137, 138, 139, 140, 141, 142, 143, 145, 146, 147, 148, 149, 150, 151, 152, 153, 154, 155, 156, 157, 158, 159, 160, 161, 162, 163, 164, 165, 166, 167, 168, 169, 170, 171, 172, 173, 174, 175, 176, 177, 178, 179, 180, 181, 182, 183, 184, 185, 187, 188, 189, 190, 191, 192, 193, 194, 195, 196, 197, 198, 199, 201, 202, 203, 204, 205, 206, 207, 208, 209, 210, 211, 212, 213, 215, 216, 217, 218, 219, 220, 221, 222, 223, 224, 225, 226, 227, 228, 229, 230, 231, 232, 233, 234, 235, 236, 237, 238, 239, 240, 241, 242, 243, 244, 245, 246, 247, 248, 249, 250, 251, 252, 253, 254, 255, 256, 257, 258, 259, 260, 261, 262, 263, 264, 265, 266, 267, 268, 269, 270, 271, 272, 273, 274, 275, 276, 277, 278, 279, 280, 281, 282, 283, 284, 286, 288, 289, 290, 291, 292, 293, 294, 295]
0% - 0 safe ---> epsilon = 0.03

0.01 ->
safe-incomplete (total 253), index: [0, 1, 2, 3, 4, 5, 6, 7, 8, 9, 10, 11, 12, 13, 14, 15, 16, 17, 18, 19, 20, 21, 22, 23, 25, 26, 27, 30, 31, 32, 33, 34, 36, 37, 38, 39, 40, 41, 42, 43, 44, 45, 47, 49, 50, 51, 52, 53, 55, 57, 58, 59, 60, 61, 62, 63, 64, 65, 66, 67, 68, 69, 70, 71, 72, 73, 75, 76, 79, 80, 81, 82, 84, 85, 86, 87, 88, 89, 90, 91, 92, 93, 94, 95, 96, 97, 98, 99, 101, 103, 104, 105, 106, 107, 109, 111, 112, 113, 114, 115, 116, 117, 118, 120, 121, 122, 123, 124, 125, 126, 127, 128, 129, 130, 132, 133, 134, 135, 136, 138, 140, 141, 143, 144, 145, 146, 148, 149, 150, 151, 152, 153, 154, 155, 156, 157, 158, 159, 160, 163, 164, 165, 167, 168, 169, 170, 172, 174, 175, 176, 179, 180, 181, 182, 184, 185, 186, 187, 189, 190, 191, 193, 194, 195, 196, 197, 198, 199, 200, 201, 202, 203, 204, 205, 206, 208, 210, 211, 212, 213, 214, 216, 217, 219, 220, 221, 222, 223, 224, 225, 227, 228, 229, 230, 232, 233, 234, 235, 236, 237, 238, 239, 240, 242, 243, 244, 245, 246, 247, 248, 249, 250, 251, 252, 253, 254, 255, 256, 258, 259, 260, 261, 262, 264, 265, 267, 268, 269, 270, 271, 272, 273, 274, 275, 276, 277, 278, 279, 280, 281, 282, 283, 284, 285, 286, 287, 288, 289, 290, 291, 293, 294, 295]
unsafe-mip (total 42), index: [24, 28, 29, 35, 48, 54, 56, 74, 77, 78, 83, 100, 102, 108, 110, 119, 131, 137, 139, 142, 147, 161, 162, 166, 171, 173, 177, 178, 183, 188, 192, 207, 209, 215, 218, 226, 231, 241, 257, 263, 266, 292]
safe-mip (total 1), index: [46]

0.02 ->
unsafe-mip (total 255), index: [0, 3, 4, 5, 6, 8, 10, 11, 12, 13, 14, 15, 16, 18, 19, 20, 21, 22, 23, 24, 26, 27, 28, 29, 31, 33, 34, 35, 36, 38, 39, 40, 41, 42, 43, 44, 45, 46, 47, 48, 49, 50, 51, 52, 53, 54, 55, 56, 57, 58, 60, 62, 63, 65, 66, 68, 69, 70, 71, 72, 73, 74, 75, 76, 77, 78, 79, 81, 82, 83, 84, 85, 86, 87, 88, 89, 90, 91, 92, 93, 94, 95, 96, 98, 99, 100, 101, 102, 104, 105, 106, 107, 108, 109, 110, 111, 112, 113, 115, 116, 118, 119, 120, 121, 122, 123, 124, 125, 127, 130, 131, 132, 133, 135, 136, 137, 138, 139, 141, 142, 143, 145, 146, 147, 148, 149, 150, 151, 152, 153, 154, 155, 156, 157, 158, 159, 160, 161, 162, 163, 164, 165, 166, 168, 169, 170, 171, 172, 173, 174, 175, 176, 177, 178, 179, 180, 181, 182, 183, 184, 187, 188, 189, 190, 191, 192, 193, 194, 195, 196, 198, 199, 201, 202, 204, 205, 206, 207, 208, 209, 211, 212, 213, 215, 216, 217, 218, 219, 220, 221, 222, 223, 224, 225, 226, 227, 228, 229, 230, 231, 233, 234, 235, 236, 237, 238, 239, 240, 241, 242, 243, 245, 246, 247, 248, 249, 250, 251, 252, 253, 254, 255, 256, 257, 258, 259, 260, 261, 263, 264, 265, 266, 267, 268, 269, 270, 272, 273, 275, 276, 277, 278, 279, 280, 281, 282, 283, 284, 286, 288, 290, 291, 292, 293, 295]
safe-incomplete (total 32), index: [1, 2, 7, 17, 25, 32, 37, 59, 61, 64, 67, 80, 117, 128, 129, 134, 140, 144, 167, 185, 186, 197, 200, 203, 210, 232, 244, 262, 271, 287, 289, 294]
safe-mip (total 9), index: [9, 30, 97, 103, 114, 126, 214, 274, 285]