0 3
1 3
2 0
3 1
4 0
5 0
6 3
7 0
8 3
9 3
10 3
11 3
12 1
13 0
14 0
15 3
16 0
17 0
18 0
19 1
20 1
21 3
22 3
23 0
24 3
25 1
26 3
27 1
28 1
29 0
30 0
31 1
32 1
33 1
34 1
35 3
36 0
37 0
38 1
39 3
40 3
41 3
42 3
43 0
44 0
45 3
46 3
47 3
48 0
49 3
50 0
51 1
52 1
53 3
54 1
55 3
56 0
57 0
58 3
59 3
60 1
61 1
62 0
63 3
64 0
65 3
66 0
67 3
68 1
69 0
70 0
71 3
72 3
73 1
74 0
75 3
76 0
77 0
78 1
79 0
80 0
81 1
82 1
83 3
84 0
85 1
86 0
87 0
88 1
89 1
90 0
91 0
92 3
93 3
94 3
95 3
96 1
97 3
98 1
99 3
100 1
101 0
102 3
103 0
104 3
105 0
106 1
107 1
108 3
109 3
110 0
111 1
112 3
113 0
114 1
115 0
116 1
117 0
118 1
119 3
120 3
121 0
122 3
123 3
124 3
125 3
126 0
127 0
128 0
129 3
130 0
131 1
132 1
133 0
134 0
135 0
136 1
137 1
138 3
139 1
140 0
141 0
142 3
143 0
144 3
145 0
146 3
147 1
148 3
149 3
150 1
151 1
152 1
153 1
154 3
155 1
156 1
157 1
158 0
159 3
160 1
161 3
162 3
163 1
164 1
165 3
166 0
167 0
168 0
169 1
170 0
171 3
172 0
173 1
174 0
175 0
176 0
177 0
178 3
179 3
180 0
181 3
182 3
183 0
184 3
185 0
186 3
187 3
188 3
189 0
190 1
191 3
192 3
193 3
194 0
195 1
196 3
197 3
198 0
199 0
200 3
201 3
202 1
203 1
204 3
205 3
206 0
207 1
208 1
209 0
210 3
211 3
212 3
213 0
214 3
215 3
216 3
217 1
218 3
219 3
220 3
221 0
222 1
223 3
224 3
225 3
226 3
227 3
228 0
229 0
230 0
231 1
232 3
233 1
234 1
235 0
236 3
237 0
238 1
239 3
240 1
241 0
242 1
243 3
244 0
245 3
246 1
247 1
248 1
249 3
250 3
251 0
252 0
253 0
254 3
255 3
256 1
257 3
258 3
259 0
260 1
261 1
262 1
263 3
264 3
265 1
266 0
267 3
268 3
269 0
270 0
271 0
272 0
273 3
274 0
275 1
276 3
277 1
278 1
279 3
280 3
281 3
282 3
283 3
284 3
285 3
286 0
287 3
288 3
289 0
290 1
291 1
292 3
293 0
294 3
295 3
296 0
297 1
298 3
299 3
300 3
301 3
302 0
303 0
304 0
305 0
306 1
307 0
308 0
309 1
310 1
311 1
312 3
313 0
314 0
315 0
316 0
317 1
318 3
319 1
320 1
321 1
322 0
323 3
324 1
325 0
326 0
327 1
328 3
329 0
330 0
331 3
332 1
333 3
334 3
335 1
336 3
337 3
338 1
339 3
340 0
341 0
342 1
343 3
344 3
345 0
346 0
347 1
348 0
349 3
350 0
351 3
352 3
353 0
354 1
355 3
356 3
357 3
358 3
359 1
360 0
361 1
362 3
363 3
364 3
365 0
366 3
367 0
368 0
369 3
370 3
371 0
372 0
373 0
374 1
375 1
376 3
377 0
378 1
379 0
380 0
381 3
382 1
383 0
384 3
385 3
386 3
387 0
388 0
389 0
390 1
391 3
392 0
393 0
394 0
395 3
396 3
397 3
398 1
399 1
400 3
401 1
402 1
403 1
404 0
405 3
406 0
407 3
408 3
409 0
410 3
411 3
412 3
413 3
414 3
415 3
416 1
417 3
418 3
419 3
420 3
421 3
422 0
423 3
424 3
425 3
426 3
427 1
428 0
429 1
430 1
431 1
432 3
433 3
434 0
435 0
436 3
437 3
438 0
439 0
440 3
441 1
442 1
443 3
444 0
445 1
446 0
447 3
448 0
449 0
450 3
451 0
452 3
453 1
454 3
455 1
456 1
457 3
458 3
459 0
460 3
461 1
462 0
463 0
464 3
465 0
466 3
467 0
468 1
469 1
470 0
471 3
472 0
473 0
474 0
475 3
476 3
477 3
478 0
479 3
480 1
481 1
482 1
483 0
484 3
485 1
486 0
487 0
488 3
489 0
490 3
491 0
492 0
493 3
494 1
495 0
496 1
497 1
498 3
499 0
500 3
501 0
502 0
503 3
504 0
505 0
506 3
507 0
508 0
509 1
510 3
511 3
512 3
513 0
514 3
515 3
516 0
517 1
518 1
519 3
520 0
521 0
522 3
523 0
524 3
525 1
526 1
527 0
528 3
529 1
530 0
531 1
532 3
533 1
534 3
535 0
536 3
537 0
538 3
539 1
540 3
541 3
542 1
543 3
544 3
545 0
546 0
547 1
548 1
549 0
550 0
551 1
552 1
553 1
554 0
555 3
556 0
557 1
558 1
559 0
560 0
561 3
562 3
563 0
564 3
565 0
566 3
567 3
568 3
569 1
570 0
571 3
572 1
573 0
574 1
575 3
576 1
577 0